01111000011011001110101000101010
00010100110111000100001100101101
01000000010000001000001000111000
11100010101011100100101010100011
01010010110000111100100101100011
00000000100000001000110000100000
10101010100111101011100011100100
01110101111000110001010000011100
00001010101000000000000010001000
10011110001110100000011001001101
01100011000001011100010010000010
11000000001000000100110000001000
01111011001101111110110010110010
11010101001110011101010000100001
00100010000000100000100000000000
11001010001011010101101111101100
01000101000101111011010101010100
10001110001010101010101000001000
01100100101010011010010000010110
01001000001100110111101100001101
11000000101000100010100100010100
10101000100101111010110010101010
10000100101011010000000000110101
10100000000000100000100010100000
11001010100110100001101000111011
11000011001101110001000000010001
00001010001000100011000000100000
10010011100011100110101000100111
00110001010001001100001100011000
00100000000010001011111000110000
10001010110010101111101110010100
11001100010000000111011000101110
00000000000000001000001000101001
