132104133
132105133
132105134
132105144
132106133
132106134
132106135
132106144
132106145
132106155
132107133
132107134
132107135
132107136
132107144
132107145
132107146
132107155
132107156
132107166
132108133
132108134
132108135
132108136
132108137
132108144
132108145
132108146
132108147
132108155
132108156
132108157
132108166
132108167
132108177
132109133
132109134
132109135
132109136
132109137
132109138
132109144
132109145
132109146
132109147
132109148
132109155
132109156
132109157
132109158
132109166
132109167
132109168
132109177
132109178
132109188
142105144
142106144
142106145
142106155
142107144
142107145
142107146
142107155
142107156
142107166
142108144
142108145
142108146
142108147
142108155
142108156
142108157
142108166
142108167
142108177
142109144
142109145
142109146
142109147
142109148
142109155
142109156
142109157
142109158
142109166
142109167
142109168
142109177
142109178
142109188
143105144
143105244
143106144
143106145
143106155
143106244
143106245
143106255
143107144
143107145
143107146
143107155
143107156
143107166
143107244
143107245
143107246
143107255
143107256
143107266
143108144
143108145
143108146
143108147
143108155
143108156
143108157
143108166
143108167
143108177
143108244
143108245
143108246
143108247
143108255
143108256
143108257
143108266
143108267
143108277
143109144
143109145
143109146
143109147
143109148
143109155
143109156
143109157
143109158
143109166
143109167
143109168
143109177
143109178
143109188
143109244
143109245
143109246
143109247
143109248
143109255
143109256
143109257
143109258
143109266
143109267
143109268
143109277
143109278
143109288
143205244
143206244
143206245
143206255
143207244
143207245
143207246
143207255
143207256
143207266
143208244
143208245
143208246
143208247
143208255
143208256
143208257
143208266
143208267
143208277
143209244
143209245
143209246
143209247
143209248
143209255
143209256
143209257
143209258
143209266
143209267
143209268
143209277
143209278
143209288
152106155
152107155
152107156
152107166
152108155
152108156
152108157
152108166
152108167
152108177
152109155
152109156
152109157
152109158
152109166
152109167
152109168
152109177
152109178
152109188
153106155
153106255
153107155
153107156
153107166
153107255
153107256
153107266
153108155
153108156
153108157
153108166
153108167
153108177
153108255
153108256
153108257
153108266
153108267
153108277
153109155
153109156
153109157
153109158
153109166
153109167
153109168
153109177
153109178
153109188
153109255
153109256
153109257
153109258
153109266
153109267
153109268
153109277
153109278
153109288
153206255
153207255
153207256
153207266
153208255
153208256
153208257
153208266
153208267
153208277
153209255
153209256
153209257
153209258
153209266
153209267
153209268
153209277
153209278
153209288
154106155
154106255
154106355
154107155
154107156
154107166
154107255
154107256
154107266
154107355
154107356
154107366
154108155
154108156
154108157
154108166
154108167
154108177
154108255
154108256
154108257
154108266
154108267
154108277
154108355
154108356
154108357
154108366
154108367
154108377
154109155
154109156
154109157
154109158
154109166
154109167
154109168
154109177
154109178
154109188
154109255
154109256
154109257
154109258
154109266
154109267
154109268
154109277
154109278
154109288
154109355
154109356
154109357
154109358
154109366
154109367
154109368
154109377
154109378
154109388
154206255
154206355
154207255
154207256
154207266
154207355
154207356
154207366
154208255
154208256
154208257
154208266
154208267
154208277
154208355
154208356
154208357
154208366
154208367
154208377
154209255
154209256
154209257
154209258
154209266
154209267
154209268
154209277
154209278
154209288
154209355
154209356
154209357
154209358
154209366
154209367
154209368
154209377
154209378
154209388
154306355
154307355
154307356
154307366
154308355
154308356
154308357
154308366
154308367
154308377
154309355
154309356
154309357
154309358
154309366
154309367
154309368
154309377
154309378
154309388
162107166
162108166
162108167
162108177
162109166
162109167
162109168
162109177
162109178
162109188
163107166
163107266
163108166
163108167
163108177
163108266
163108267
163108277
163109166
163109167
163109168
163109177
163109178
163109188
163109266
163109267
163109268
163109277
163109278
163109288
163207266
163208266
163208267
163208277
163209266
163209267
163209268
163209277
163209278
163209288
164107166
164107266
164107366
164108166
164108167
164108177
164108266
164108267
164108277
164108366
164108367
164108377
164109166
164109167
164109168
164109177
164109178
164109188
164109266
164109267
164109268
164109277
164109278
164109288
164109366
164109367
164109368
164109377
164109378
164109388
164207266
164207366
164208266
164208267
164208277
164208366
164208367
164208377
164209266
164209267
164209268
164209277
164209278
164209288
164209366
164209367
164209368
164209377
164209378
164209388
164307366
164308366
164308367
164308377
164309366
164309367
164309368
164309377
164309378
164309388
165107166
165107266
165107366
165107466
165108166
165108167
165108177
165108266
165108267
165108277
165108366
165108367
165108377
165108466
165108467
165108477
165109166
165109167
165109168
165109177
165109178
165109188
165109266
165109267
165109268
165109277
165109278
165109288
165109366
165109367
165109368
165109377
165109378
165109388
165109466
165109467
165109468
165109477
165109478
165109488
165207266
165207366
165207466
165208266
165208267
165208277
165208366
165208367
165208377
165208466
165208467
165208477
165209266
165209267
165209268
165209277
165209278
165209288
165209366
165209367
165209368
165209377
165209378
165209388
165209466
165209467
165209468
165209477
165209478
165209488
165307366
165307466
165308366
165308367
165308377
165308466
165308467
165308477
165309366
165309367
165309368
165309377
165309378
165309388
165309466
165309467
165309468
165309477
165309478
165309488
165407466
165408466
165408467
165408477
165409466
165409467
165409468
165409477
165409478
165409488
172108177
172109177
172109178
172109188
173108177
173108277
173109177
173109178
173109188
173109277
173109278
173109288
173208277
173209277
173209278
173209288
174108177
174108277
174108377
174109177
174109178
174109188
174109277
174109278
174109288
174109377
174109378
174109388
174208277
174208377
174209277
174209278
174209288
174209377
174209378
174209388
174308377
174309377
174309378
174309388
175108177
175108277
175108377
175108477
175109177
175109178
175109188
175109277
175109278
175109288
175109377
175109378
175109388
175109477
175109478
175109488
175208277
175208377
175208477
175209277
175209278
175209288
175209377
175209378
175209388
175209477
175209478
175209488
175308377
175308477
175309377
175309378
175309388
175309477
175309478
175309488
175408477
175409477
175409478
175409488
176108177
176108277
176108377
176108477
176108577
176109177
176109178
176109188
176109277
176109278
176109288
176109377
176109378
176109388
176109477
176109478
176109488
176109577
176109578
176109588
176208277
176208377
176208477
176208577
176209277
176209278
176209288
176209377
176209378
176209388
176209477
176209478
176209488
176209577
176209578
176209588
176308377
176308477
176308577
176309377
176309378
176309388
176309477
176309478
176309488
176309577
176309578
176309588
176408477
176408577
176409477
176409478
176409488
176409577
176409578
176409588
176508577
176509577
176509578
176509588
182109188
183109188
183109288
183209288
184109188
184109288
184109388
184209288
184209388
184309388
185109188
185109288
185109388
185109488
185209288
185209388
185209488
185309388
185309488
185409488
186109188
186109288
186109388
186109488
186109588
186209288
186209388
186209488
186209588
186309388
186309488
186309588
186409488
186409588
186509588
187109188
187109288
187109388
187109488
187109588
187109688
187209288
187209388
187209488
187209588
187209688
187309388
187309488
187309588
187309688
187409488
187409588
187409688
187509588
187509688
187609688
243205244
243206244
243206245
243206255
243207244
243207245
243207246
243207255
243207256
243207266
243208244
243208245
243208246
243208247
243208255
243208256
243208257
243208266
243208267
243208277
243209244
243209245
243209246
243209247
243209248
243209255
243209256
243209257
243209258
243209266
243209267
243209268
243209277
243209278
243209288
243215244
243216244
243216245
243216255
243217244
243217245
243217246
243217255
243217256
243217266
243218244
243218245
243218246
243218247
243218255
243218256
243218257
243218266
243218267
243218277
243219244
243219245
243219246
243219247
243219248
243219255
243219256
243219257
243219258
243219266
243219267
243219268
243219277
243219278
243219288
253206255
253207255
253207256
253207266
253208255
253208256
253208257
253208266
253208267
253208277
253209255
253209256
253209257
253209258
253209266
253209267
253209268
253209277
253209278
253209288
253216255
253217255
253217256
253217266
253218255
253218256
253218257
253218266
253218267
253218277
253219255
253219256
253219257
253219258
253219266
253219267
253219268
253219277
253219278
253219288
254206255
254206355
254207255
254207256
254207266
254207355
254207356
254207366
254208255
254208256
254208257
254208266
254208267
254208277
254208355
254208356
254208357
254208366
254208367
254208377
254209255
254209256
254209257
254209258
254209266
254209267
254209268
254209277
254209278
254209288
254209355
254209356
254209357
254209358
254209366
254209367
254209368
254209377
254209378
254209388
254216255
254216355
254217255
254217256
254217266
254217355
254217356
254217366
254218255
254218256
254218257
254218266
254218267
254218277
254218355
254218356
254218357
254218366
254218367
254218377
254219255
254219256
254219257
254219258
254219266
254219267
254219268
254219277
254219278
254219288
254219355
254219356
254219357
254219358
254219366
254219367
254219368
254219377
254219378
254219388
254306355
254307355
254307356
254307366
254308355
254308356
254308357
254308366
254308367
254308377
254309355
254309356
254309357
254309358
254309366
254309367
254309368
254309377
254309378
254309388
254316355
254317355
254317356
254317366
254318355
254318356
254318357
254318366
254318367
254318377
254319355
254319356
254319357
254319358
254319366
254319367
254319368
254319377
254319378
254319388
263207266
263208266
263208267
263208277
263209266
263209267
263209268
263209277
263209278
263209288
263217266
263218266
263218267
263218277
263219266
263219267
263219268
263219277
263219278
263219288
264207266
264207366
264208266
264208267
264208277
264208366
264208367
264208377
264209266
264209267
264209268
264209277
264209278
264209288
264209366
264209367
264209368
264209377
264209378
264209388
264217266
264217366
264218266
264218267
264218277
264218366
264218367
264218377
264219266
264219267
264219268
264219277
264219278
264219288
264219366
264219367
264219368
264219377
264219378
264219388
264307366
264308366
264308367
264308377
264309366
264309367
264309368
264309377
264309378
264309388
264317366
264318366
264318367
264318377
264319366
264319367
264319368
264319377
264319378
264319388
265207266
265207366
265207466
265208266
265208267
265208277
265208366
265208367
265208377
265208466
265208467
265208477
265209266
265209267
265209268
265209277
265209278
265209288
265209366
265209367
265209368
265209377
265209378
265209388
265209466
265209467
265209468
265209477
265209478
265209488
265217266
265217366
265217466
265218266
265218267
265218277
265218366
265218367
265218377
265218466
265218467
265218477
265219266
265219267
265219268
265219277
265219278
265219288
265219366
265219367
265219368
265219377
265219378
265219388
265219466
265219467
265219468
265219477
265219478
265219488
265307366
265307466
265308366
265308367
265308377
265308466
265308467
265308477
265309366
265309367
265309368
265309377
265309378
265309388
265309466
265309467
265309468
265309477
265309478
265309488
265317366
265317466
265318366
265318367
265318377
265318466
265318467
265318477
265319366
265319367
265319368
265319377
265319378
265319388
265319466
265319467
265319468
265319477
265319478
265319488
265407466
265408466
265408467
265408477
265409466
265409467
265409468
265409477
265409478
265409488
265417466
265418466
265418467
265418477
265419466
265419467
265419468
265419477
265419478
265419488
273208277
273209277
273209278
273209288
273218277
273219277
273219278
273219288
274208277
274208377
274209277
274209278
274209288
274209377
274209378
274209388
274218277
274218377
274219277
274219278
274219288
274219377
274219378
274219388
274308377
274309377
274309378
274309388
274318377
274319377
274319378
274319388
275208277
275208377
275208477
275209277
275209278
275209288
275209377
275209378
275209388
275209477
275209478
275209488
275218277
275218377
275218477
275219277
275219278
275219288
275219377
275219378
275219388
275219477
275219478
275219488
275308377
275308477
275309377
275309378
275309388
275309477
275309478
275309488
275318377
275318477
275319377
275319378
275319388
275319477
275319478
275319488
275408477
275409477
275409478
275409488
275418477
275419477
275419478
275419488
276208277
276208377
276208477
276208577
276209277
276209278
276209288
276209377
276209378
276209388
276209477
276209478
276209488
276209577
276209578
276209588
276218277
276218377
276218477
276218577
276219277
276219278
276219288
276219377
276219378
276219388
276219477
276219478
276219488
276219577
276219578
276219588
276308377
276308477
276308577
276309377
276309378
276309388
276309477
276309478
276309488
276309577
276309578
276309588
276318377
276318477
276318577
276319377
276319378
276319388
276319477
276319478
276319488
276319577
276319578
276319588
276408477
276408577
276409477
276409478
276409488
276409577
276409578
276409588
276418477
276418577
276419477
276419478
276419488
276419577
276419578
276419588
276508577
276509577
276509578
276509588
276518577
276519577
276519578
276519588
283209288
283219288
284209288
284209388
284219288
284219388
284309388
284319388
285209288
285209388
285209488
285219288
285219388
285219488
285309388
285309488
285319388
285319488
285409488
285419488
286209288
286209388
286209488
286209588
286219288
286219388
286219488
286219588
286309388
286309488
286309588
286319388
286319488
286319588
286409488
286409588
286419488
286419588
286509588
286519588
287209288
287209388
287209488
287209588
287209688
287219288
287219388
287219488
287219588
287219688
287309388
287309488
287309588
287309688
287319388
287319488
287319588
287319688
287409488
287409588
287409688
287419488
287419588
287419688
287509588
287509688
287519588
287519688
287609688
287619688
354306355
354307355
354307356
354307366
354308355
354308356
354308357
354308366
354308367
354308377
354309355
354309356
354309357
354309358
354309366
354309367
354309368
354309377
354309378
354309388
354316355
354317355
354317356
354317366
354318355
354318356
354318357
354318366
354318367
354318377
354319355
354319356
354319357
354319358
354319366
354319367
354319368
354319377
354319378
354319388
354326355
354327355
354327356
354327366
354328355
354328356
354328357
354328366
354328367
354328377
354329355
354329356
354329357
354329358
354329366
354329367
354329368
354329377
354329378
354329388
364307366
364308366
364308367
364308377
364309366
364309367
364309368
364309377
364309378
364309388
364317366
364318366
364318367
364318377
364319366
364319367
364319368
364319377
364319378
364319388
364327366
364328366
364328367
364328377
364329366
364329367
364329368
364329377
364329378
364329388
365307366
365307466
365308366
365308367
365308377
365308466
365308467
365308477
365309366
365309367
365309368
365309377
365309378
365309388
365309466
365309467
365309468
365309477
365309478
365309488
365317366
365317466
365318366
365318367
365318377
365318466
365318467
365318477
365319366
365319367
365319368
365319377
365319378
365319388
365319466
365319467
365319468
365319477
365319478
365319488
365327366
365327466
365328366
365328367
365328377
365328466
365328467
365328477
365329366
365329367
365329368
365329377
365329378
365329388
365329466
365329467
365329468
365329477
365329478
365329488
365407466
365408466
365408467
365408477
365409466
365409467
365409468
365409477
365409478
365409488
365417466
365418466
365418467
365418477
365419466
365419467
365419468
365419477
365419478
365419488
365427466
365428466
365428467
365428477
365429466
365429467
365429468
365429477
365429478
365429488
374308377
374309377
374309378
374309388
374318377
374319377
374319378
374319388
374328377
374329377
374329378
374329388
375308377
375308477
375309377
375309378
375309388
375309477
375309478
375309488
375318377
375318477
375319377
375319378
375319388
375319477
375319478
375319488
375328377
375328477
375329377
375329378
375329388
375329477
375329478
375329488
375408477
375409477
375409478
375409488
375418477
375419477
375419478
375419488
375428477
375429477
375429478
375429488
376308377
376308477
376308577
376309377
376309378
376309388
376309477
376309478
376309488
376309577
376309578
376309588
376318377
376318477
376318577
376319377
376319378
376319388
376319477
376319478
376319488
376319577
376319578
376319588
376328377
376328477
376328577
376329377
376329378
376329388
376329477
376329478
376329488
376329577
376329578
376329588
376408477
376408577
376409477
376409478
376409488
376409577
376409578
376409588
376418477
376418577
376419477
376419478
376419488
376419577
376419578
376419588
376428477
376428577
376429477
376429478
376429488
376429577
376429578
376429588
376508577
376509577
376509578
376509588
376518577
376519577
376519578
376519588
376528577
376529577
376529578
376529588
384309388
384319388
384329388
385309388
385309488
385319388
385319488
385329388
385329488
385409488
385419488
385429488
386309388
386309488
386309588
386319388
386319488
386319588
386329388
386329488
386329588
386409488
386409588
386419488
386419588
386429488
386429588
386509588
386519588
386529588
387309388
387309488
387309588
387309688
387319388
387319488
387319588
387319688
387329388
387329488
387329588
387329688
387409488
387409588
387409688
387419488
387419588
387419688
387429488
387429588
387429688
387509588
387509688
387519588
387519688
387529588
387529688
387609688
387619688
387629688
465407466
465408466
465408467
465408477
465409466
465409467
465409468
465409477
465409478
465409488
465417466
465418466
465418467
465418477
465419466
465419467
465419468
465419477
465419478
465419488
465427466
465428466
465428467
465428477
465429466
465429467
465429468
465429477
465429478
465429488
465437466
465438466
465438467
465438477
465439466
465439467
465439468
465439477
465439478
465439488
475408477
475409477
475409478
475409488
475418477
475419477
475419478
475419488
475428477
475429477
475429478
475429488
475438477
475439477
475439478
475439488
476408477
476408577
476409477
476409478
476409488
476409577
476409578
476409588
476418477
476418577
476419477
476419478
476419488
476419577
476419578
476419588
476428477
476428577
476429477
476429478
476429488
476429577
476429578
476429588
476438477
476438577
476439477
476439478
476439488
476439577
476439578
476439588
476508577
476509577
476509578
476509588
476518577
476519577
476519578
476519588
476528577
476529577
476529578
476529588
476538577
476539577
476539578
476539588
485409488
485419488
485429488
485439488
486409488
486409588
486419488
486419588
486429488
486429588
486439488
486439588
486509588
486519588
486529588
486539588
487409488
487409588
487409688
487419488
487419588
487419688
487429488
487429588
487429688
487439488
487439588
487439688
487509588
487509688
487519588
487519688
487529588
487529688
487539588
487539688
487609688
487619688
487629688
487639688
576508577
576509577
576509578
576509588
576518577
576519577
576519578
576519588
576528577
576529577
576529578
576529588
576538577
576539577
576539578
576539588
576548577
576549577
576549578
576549588
586509588
586519588
586529588
586539588
586549588
587509588
587509688
587519588
587519688
587529588
587529688
587539588
587539688
587549588
587549688
587609688
587619688
587629688
587639688
587649688
687609688
687619688
687629688
687639688
687649688
687659688
