1211
1311
1312
1322
1411
1412
1413
1422
1423
1433
1511
1512
1513
1514
1522
1523
1524
1533
1534
1544
1611
1612
1613
1614
1615
1622
1623
1624
1625
1633
1634
1635
1644
1645
1655
1711
1712
1713
1714
1715
1716
1722
1723
1724
1725
1726
1733
1734
1735
1736
1744
1745
1746
1755
1756
1766
1811
1812
1813
1814
1815
1816
1817
1822
1823
1824
1825
1826
1827
1833
1834
1835
1836
1837
1844
1845
1846
1847
1855
1856
1857
1866
1867
1877
1911
1912
1913
1914
1915
1916
1917
1918
1922
1923
1924
1925
1926
1927
1928
1933
1934
1935
1936
1937
1938
1944
1945
1946
1947
1948
1955
1956
1957
1958
1966
1967
1968
1977
1978
1988
2322
2422
2423
2433
2522
2523
2524
2533
2534
2544
2622
2623
2624
2625
2633
2634
2635
2644
2645
2655
2722
2723
2724
2725
2726
2733
2734
2735
2736
2744
2745
2746
2755
2756
2766
2822
2823
2824
2825
2826
2827
2833
2834
2835
2836
2837
2844
2845
2846
2847
2855
2856
2857
2866
2867
2877
2922
2923
2924
2925
2926
2927
2928
2933
2934
2935
2936
2937
2938
2944
2945
2946
2947
2948
2955
2956
2957
2958
2966
2967
2968
2977
2978
2988
3433
3533
3534
3544
3633
3634
3635
3644
3645
3655
3733
3734
3735
3736
3744
3745
3746
3755
3756
3766
3833
3834
3835
3836
3837
3844
3845
3846
3847
3855
3856
3857
3866
3867
3877
3933
3934
3935
3936
3937
3938
3944
3945
3946
3947
3948
3955
3956
3957
3958
3966
3967
3968
3977
3978
3988
4544
4644
4645
4655
4744
4745
4746
4755
4756
4766
4844
4845
4846
4847
4855
4856
4857
4866
4867
4877
4944
4945
4946
4947
4948
4955
4956
4957
4958
4966
4967
4968
4977
4978
4988
5655
5755
5756
5766
5855
5856
5857
5866
5867
5877
5955
5956
5957
5958
5966
5967
5968
5977
5978
5988
6766
6866
6867
6877
6966
6967
6968
6977
6978
6988
7877
7977
7978
7988
8988
